1
15 15 3 3
0.0001 0.0002 0.0003 0.0005 0.0007 0.0010 0.0011 0.0012 0.0011 0.0010 0.0007 0.0005 0.0003 0.0002 0.0001
0.0002 0.0003 0.0006 0.0010 0.0015 0.0020 0.0023 0.0025 0.0023 0.0020 0.0015 0.0010 0.0006 0.0003 0.0002
0.0003 0.0006 0.0011 0.0019 0.0027 0.0036 0.0043 0.0045 0.0043 0.0036 0.0027 0.0019 0.0011 0.0006 0.0003
0.0005 0.0010 0.0019 0.0031 0.0045 0.0060 0.0070 0.0074 0.0070 0.0060 0.0045 0.0031 0.0019 0.0010 0.0005
0.0007 0.0015 0.0027 0.0045 0.0067 0.0088 0.0104 0.0110 0.0104 0.0088 0.0067 0.0045 0.0027 0.0015 0.0007
0.0010 0.0020 0.0036 0.0060 0.0088 0.0116 0.0137 0.0145 0.0137 0.0116 0.0088 0.0060 0.0036 0.0020 0.0010
0.0011 0.0023 0.0043 0.0070 0.0104 0.0137 0.0162 0.0171 0.0162 0.0137 0.0104 0.0070 0.0043 0.0023 0.0011
0.0012 0.0025 0.0045 0.0074 0.0110 0.0145 0.0171 0.0181 0.0171 0.0145 0.0110 0.0074 0.0045 0.0025 0.0012
0.0011 0.0023 0.0043 0.0070 0.0104 0.0137 0.0162 0.0171 0.0162 0.0137 0.0104 0.0070 0.0043 0.0023 0.0011
0.0010 0.0020 0.0036 0.0060 0.0088 0.0116 0.0137 0.0145 0.0137 0.0116 0.0088 0.0060 0.0036 0.0020 0.0010
0.0007 0.0015 0.0027 0.0045 0.0067 0.0088 0.0104 0.0110 0.0104 0.0088 0.0067 0.0045 0.0027 0.0015 0.0007
0.0005 0.0010 0.0019 0.0031 0.0045 0.0060 0.0070 0.0074 0.0070 0.0060 0.0045 0.0031 0.0019 0.0010 0.0005
0.0003 0.0006 0.0011 0.0019 0.0027 0.0036 0.0043 0.0045 0.0043 0.0036 0.0027 0.0019 0.0011 0.0006 0.0003
0.0002 0.0003 0.0006 0.0010 0.0015 0.0020 0.0023 0.0025 0.0023 0.0020 0.0015 0.0010 0.0006 0.0003 0.0002
0.0001 0.0002 0.0003 0.0005 0.0007 0.0010 0.0011 0.0012 0.0011 0.0010 0.0007 0.0005 0.0003 0.0002 0.0001
0 0 0 0 0 0 0 0 0 0 0 0 0 0 0
0 0 0 0 0 0 0 0 0 0 0 0 0 0 0
0 0 0 0 0 0 0 0 0 0 0 0 0 0 0
0 0 0 0 0 0 0 0 0 0 0 0 0 0 0
0 0 0 0 0 0 0 0 0 0 0 0 0 0 0
0 0 0 0 0 0 0 0 0 0 0 0 0 0 0
0 0 0 0 0 0 0 0 0 0 0 0 0 0 0
0 0 0 0 0 0 0 0 0 0 0 0 0 0 0
0 0 0 0 0 0 0 0 0 0 0 0 0 0 0
0 0 0 0 0 0 0 0 0 0 0 0 0 0 0
0 0 0 0 0 0 0 0 0 0 0 0 0 0 0
0 0 0 0 0 0 0 0 0 0 0 0 0 0 0
0 0 0 0 0 0 0 0 0 0 0 0 0 0 0
0 0 0 0 0 0 0 0 0 0 0 0 0 0 0
0 0 0 0 0 0 0 0 0 0 0 0 0 0 0
0 0 0 0 0 0 0 0 0 0 0 0 0 0 0
0 0 0 0 0 0 0 0 0 0 0 0 0 0 0
0 0 0 0 0 0 0 0 0 0 0 0 0 0 0
0 0 0 0 0 0 0 0 0 0 0 0 0 0 0
0 0 0 0 0 0 0 0 0 0 0 0 0 0 0
0 0 0 0 0 0 0 0 0 0 0 0 0 0 0
0 0 0 0 0 0 0 0 0 0 0 0 0 0 0
0 0 0 0 0 0 0 0 0 0 0 0 0 0 0
0 0 0 0 0 0 0 0 0 0 0 0 0 0 0
0 0 0 0 0 0 0 0 0 0 0 0 0 0 0
0 0 0 0 0 0 0 0 0 0 0 0 0 0 0
0 0 0 0 0 0 0 0 0 0 0 0 0 0 0
0 0 0 0 0 0 0 0 0 0 0 0 0 0 0
0 0 0 0 0 0 0 0 0 0 0 0 0 0 0
0 0 0 0 0 0 0 0 0 0 0 0 0 0 0
0 0 0 0 0 0 0 0 0 0 0 0 0 0 0
0 0 0 0 0 0 0 0 0 0 0 0 0 0 0
0 0 0 0 0 0 0 0 0 0 0 0 0 0 0
0 0 0 0 0 0 0 0 0 0 0 0 0 0 0
0 0 0 0 0 0 0 0 0 0 0 0 0 0 0
0 0 0 0 0 0 0 0 0 0 0 0 0 0 0
0 0 0 0 0 0 0 0 0 0 0 0 0 0 0
0 0 0 0 0 0 0 0 0 0 0 0 0 0 0
0 0 0 0 0 0 0 0 0 0 0 0 0 0 0
0 0 0 0 0 0 0 0 0 0 0 0 0 0 0
0 0 0 0 0 0 0 0 0 0 0 0 0 0 0
0 0 0 0 0 0 0 0 0 0 0 0 0 0 0
0 0 0 0 0 0 0 0 0 0 0 0 0 0 0
0 0 0 0 0 0 0 0 0 0 0 0 0 0 0
0 0 0 0 0 0 0 0 0 0 0 0 0 0 0
0.0001 0.0002 0.0003 0.0005 0.0007 0.0010 0.0011 0.0012 0.0011 0.0010 0.0007 0.0005 0.0003 0.0002 0.0001
0.0002 0.0003 0.0006 0.0010 0.0015 0.0020 0.0023 0.0025 0.0023 0.0020 0.0015 0.0010 0.0006 0.0003 0.0002
0.0003 0.0006 0.0011 0.0019 0.0027 0.0036 0.0043 0.0045 0.0043 0.0036 0.0027 0.0019 0.0011 0.0006 0.0003
0.0005 0.0010 0.0019 0.0031 0.0045 0.0060 0.0070 0.0074 0.0070 0.0060 0.0045 0.0031 0.0019 0.0010 0.0005
0.0007 0.0015 0.0027 0.0045 0.0067 0.0088 0.0104 0.0110 0.0104 0.0088 0.0067 0.0045 0.0027 0.0015 0.0007
0.0010 0.0020 0.0036 0.0060 0.0088 0.0116 0.0137 0.0145 0.0137 0.0116 0.0088 0.0060 0.0036 0.0020 0.0010
0.0011 0.0023 0.0043 0.0070 0.0104 0.0137 0.0162 0.0171 0.0162 0.0137 0.0104 0.0070 0.0043 0.0023 0.0011
0.0012 0.0025 0.0045 0.0074 0.0110 0.0145 0.0171 0.0181 0.0171 0.0145 0.0110 0.0074 0.0045 0.0025 0.0012
0.0011 0.0023 0.0043 0.0070 0.0104 0.0137 0.0162 0.0171 0.0162 0.0137 0.0104 0.0070 0.0043 0.0023 0.0011
0.0010 0.0020 0.0036 0.0060 0.0088 0.0116 0.0137 0.0145 0.0137 0.0116 0.0088 0.0060 0.0036 0.0020 0.0010
0.0007 0.0015 0.0027 0.0045 0.0067 0.0088 0.0104 0.0110 0.0104 0.0088 0.0067 0.0045 0.0027 0.0015 0.0007
0.0005 0.0010 0.0019 0.0031 0.0045 0.0060 0.0070 0.0074 0.0070 0.0060 0.0045 0.0031 0.0019 0.0010 0.0005
0.0003 0.0006 0.0011 0.0019 0.0027 0.0036 0.0043 0.0045 0.0043 0.0036 0.0027 0.0019 0.0011 0.0006 0.0003
0.0002 0.0003 0.0006 0.0010 0.0015 0.0020 0.0023 0.0025 0.0023 0.0020 0.0015 0.0010 0.0006 0.0003 0.0002
0.0001 0.0002 0.0003 0.0005 0.0007 0.0010 0.0011 0.0012 0.0011 0.0010 0.0007 0.0005 0.0003 0.0002 0.0001
0 0 0 0 0 0 0 0 0 0 0 0 0 0 0
0 0 0 0 0 0 0 0 0 0 0 0 0 0 0
0 0 0 0 0 0 0 0 0 0 0 0 0 0 0
0 0 0 0 0 0 0 0 0 0 0 0 0 0 0
0 0 0 0 0 0 0 0 0 0 0 0 0 0 0
0 0 0 0 0 0 0 0 0 0 0 0 0 0 0
0 0 0 0 0 0 0 0 0 0 0 0 0 0 0
0 0 0 0 0 0 0 0 0 0 0 0 0 0 0
0 0 0 0 0 0 0 0 0 0 0 0 0 0 0
0 0 0 0 0 0 0 0 0 0 0 0 0 0 0
0 0 0 0 0 0 0 0 0 0 0 0 0 0 0
0 0 0 0 0 0 0 0 0 0 0 0 0 0 0
0 0 0 0 0 0 0 0 0 0 0 0 0 0 0
0 0 0 0 0 0 0 0 0 0 0 0 0 0 0
0 0 0 0 0 0 0 0 0 0 0 0 0 0 0
0 0 0 0 0 0 0 0 0 0 0 0 0 0 0
0 0 0 0 0 0 0 0 0 0 0 0 0 0 0
0 0 0 0 0 0 0 0 0 0 0 0 0 0 0
0 0 0 0 0 0 0 0 0 0 0 0 0 0 0
0 0 0 0 0 0 0 0 0 0 0 0 0 0 0
0 0 0 0 0 0 0 0 0 0 0 0 0 0 0
0 0 0 0 0 0 0 0 0 0 0 0 0 0 0
0 0 0 0 0 0 0 0 0 0 0 0 0 0 0
0 0 0 0 0 0 0 0 0 0 0 0 0 0 0
0 0 0 0 0 0 0 0 0 0 0 0 0 0 0
0 0 0 0 0 0 0 0 0 0 0 0 0 0 0
0 0 0 0 0 0 0 0 0 0 0 0 0 0 0
0 0 0 0 0 0 0 0 0 0 0 0 0 0 0
0 0 0 0 0 0 0 0 0 0 0 0 0 0 0
0 0 0 0 0 0 0 0 0 0 0 0 0 0 0
0 0 0 0 0 0 0 0 0 0 0 0 0 0 0
0 0 0 0 0 0 0 0 0 0 0 0 0 0 0
0 0 0 0 0 0 0 0 0 0 0 0 0 0 0
0 0 0 0 0 0 0 0 0 0 0 0 0 0 0
0 0 0 0 0 0 0 0 0 0 0 0 0 0 0
0 0 0 0 0 0 0 0 0 0 0 0 0 0 0
0 0 0 0 0 0 0 0 0 0 0 0 0 0 0
0 0 0 0 0 0 0 0 0 0 0 0 0 0 0
0 0 0 0 0 0 0 0 0 0 0 0 0 0 0
0 0 0 0 0 0 0 0 0 0 0 0 0 0 0
0 0 0 0 0 0 0 0 0 0 0 0 0 0 0
0 0 0 0 0 0 0 0 0 0 0 0 0 0 0
0 0 0 0 0 0 0 0 0 0 0 0 0 0 0
0 0 0 0 0 0 0 0 0 0 0 0 0 0 0
0 0 0 0 0 0 0 0 0 0 0 0 0 0 0
0.0001 0.0002 0.0003 0.0005 0.0007 0.0010 0.0011 0.0012 0.0011 0.0010 0.0007 0.0005 0.0003 0.0002 0.0001
0.0002 0.0003 0.0006 0.0010 0.0015 0.0020 0.0023 0.0025 0.0023 0.0020 0.0015 0.0010 0.0006 0.0003 0.0002
0.0003 0.0006 0.0011 0.0019 0.0027 0.0036 0.0043 0.0045 0.0043 0.0036 0.0027 0.0019 0.0011 0.0006 0.0003
0.0005 0.0010 0.0019 0.0031 0.0045 0.0060 0.0070 0.0074 0.0070 0.0060 0.0045 0.0031 0.0019 0.0010 0.0005
0.0007 0.0015 0.0027 0.0045 0.0067 0.0088 0.0104 0.0110 0.0104 0.0088 0.0067 0.0045 0.0027 0.0015 0.0007
0.0010 0.0020 0.0036 0.0060 0.0088 0.0116 0.0137 0.0145 0.0137 0.0116 0.0088 0.0060 0.0036 0.0020 0.0010
0.0011 0.0023 0.0043 0.0070 0.0104 0.0137 0.0162 0.0171 0.0162 0.0137 0.0104 0.0070 0.0043 0.0023 0.0011
0.0012 0.0025 0.0045 0.0074 0.0110 0.0145 0.0171 0.0181 0.0171 0.0145 0.0110 0.0074 0.0045 0.0025 0.0012
0.0011 0.0023 0.0043 0.0070 0.0104 0.0137 0.0162 0.0171 0.0162 0.0137 0.0104 0.0070 0.0043 0.0023 0.0011
0.0010 0.0020 0.0036 0.0060 0.0088 0.0116 0.0137 0.0145 0.0137 0.0116 0.0088 0.0060 0.0036 0.0020 0.0010
0.0007 0.0015 0.0027 0.0045 0.0067 0.0088 0.0104 0.0110 0.0104 0.0088 0.0067 0.0045 0.0027 0.0015 0.0007
0.0005 0.0010 0.0019 0.0031 0.0045 0.0060 0.0070 0.0074 0.0070 0.0060 0.0045 0.0031 0.0019 0.0010 0.0005
0.0003 0.0006 0.0011 0.0019 0.0027 0.0036 0.0043 0.0045 0.0043 0.0036 0.0027 0.0019 0.0011 0.0006 0.0003
0.0002 0.0003 0.0006 0.0010 0.0015 0.0020 0.0023 0.0025 0.0023 0.0020 0.0015 0.0010 0.0006 0.0003 0.0002
0.0001 0.0002 0.0003 0.0005 0.0007 0.0010 0.0011 0.0012 0.0011 0.0010 0.0007 0.0005 0.0003 0.0002 0.0001

