1
15
0.000001 0.000003 0.000008 0.000019 0.000038 0.000066 0.000098 0.000126 0.000139 0.000126 0.000098 0.000066 0.000038 0.000019 0.000008
0.000003 0.000013 0.000036 0.000086 0.000175 0.000301 0.000451 0.000580 0.000638 0.000580 0.000451 0.000301 0.000175 0.000086 0.000036
0.000008 0.000036 0.000102 0.000245 0.000499 0.000855 0.001282 0.001648 0.001813 0.001648 0.001282 0.000855 0.000499 0.000245 0.000102
0.000019 0.000086 0.000245 0.000590 0.001202 0.002061 0.003089 0.003972 0.004368 0.003972 0.003089 0.002061 0.001202 0.000590 0.000245
0.000038 0.000175 0.000499 0.001202 0.002449 0.004199 0.006294 0.008095 0.008903 0.008095 0.006294 0.004199 0.002449 0.001202 0.000499
0.000066 0.000301 0.000855 0.002061 0.004199 0.007197 0.010789 0.013877 0.015265 0.013877 0.010789 0.007197 0.004199 0.002061 0.000855
0.000098 0.000451 0.001282 0.003089 0.006294 0.010789 0.016174 0.020800 0.022881 0.020800 0.016174 0.010789 0.006294 0.003089 0.001282
0.000126 0.000580 0.001648 0.003972 0.008095 0.013877 0.020800 0.026749 0.029420 0.026749 0.020800 0.013877 0.008095 0.003972 0.001648
0.000139 0.000638 0.001813 0.004368 0.008903 0.015265 0.022881 0.029420 0.032365 0.029420 0.022881 0.015265 0.008903 0.004368 0.001813
0.000126 0.000580 0.001648 0.003972 0.008095 0.013877 0.020800 0.026749 0.029420 0.026749 0.020800 0.013877 0.008095 0.003972 0.001648
0.000098 0.000451 0.001282 0.003089 0.006294 0.010789 0.016174 0.020800 0.022881 0.020800 0.016174 0.010789 0.006294 0.003089 0.001282
0.000066 0.000301 0.000855 0.002061 0.004199 0.007197 0.010789 0.013877 0.015265 0.013877 0.010789 0.007197 0.004199 0.002061 0.000855
0.000038 0.000175 0.000499 0.001202 0.002449 0.004199 0.006294 0.008095 0.008903 0.008095 0.006294 0.004199 0.002449 0.001202 0.000499
0.000019 0.000086 0.000245 0.000590 0.001202 0.002061 0.003089 0.003972 0.004368 0.003972 0.003089 0.002061 0.001202 0.000590 0.000245
0.000008 0.000036 0.000102 0.000245 0.000499 0.000855 0.001282 0.001648 0.001813 0.001648 0.001282 0.000855 0.000499 0.000245 0.000102